BSPLINE
135
4
0 0
10 0
10 10
0 10
1
4.070811398971578 -0.9999999999999999 -0.0 -0.0
-50 50 -50

0 0
10 0
10 10
0 10
1
4.070811398971578 -0.9999999999999999 -0.0 -0.0
-50.0 48.803079861884285 -48.397694728532336

0 0
10 0
10 10
0 10
1
4.070811398971578 -0.9999999999999999 -0.0 -0.0
-50.0 47.60615972376857 -46.79538945706467

0 0
10 0
10 10
0 10
1
4.070811398971578 -0.9999999999999999 -0.0 -0.0
-50.0 46.409239585652855 -45.19308418559701

0 0
10 0
10 10
0 10
1
4.070811398971578 -0.9999999999999999 -0.0 -0.0
-50.0 45.21231944753714 -43.590778914129345

0 0
10 0
10 10
0 10
1
4.070811398971578 -0.9999999999999999 -0.0 -0.0
-50.0 44.015399309421426 -41.98847364266168

0 0
10 0
10 10
0 10
1
4.070811398971578 -0.9999999999999999 -0.0 -0.0
-50.0 42.81847917130571 -40.38616837119402

0 0
10 0
10 10
0 10
1
4.070811398971578 -0.9999999999999999 -0.0 -0.0
-50.0 41.621559033189996 -38.783863099726354

0 0
10 0
10 10
0 10
1
4.070811398971578 -0.9999999999999999 -0.0 -0.0
-50.0 40.42463889507428 -37.18155782825869

0 0
10 0
10 10
0 10
1
4.070811398971578 -0.9999999999999999 -0.0 -0.0
-50.0 39.227718756958566 -35.579252556791026

0 0
10 0
10 10
0 10
1
4.070811398971578 -0.9999999999999999 -0.0 -0.0
-50.0 38.03079861884285 -33.97694728532336

0 0
10 0
10 10
0 10
1
4.070811398971578 -0.9999999999999999 -0.0 -0.0
-50.0 36.83387848072714 -32.3746420138557

0 0
10 0
10 10
0 10
1
4.070811398971578 -0.9999999999999999 -0.0 -0.0
-50.0 35.63695834261142 -30.77233674238804

0 0
10 0
10 10
0 10
1
4.070811398971578 -0.9999999999999999 -0.0 -0.0
-50.0 34.44003820449571 -29.170031470920378

0 0
10 0
10 10
0 10
1
4.070811398971578 -0.9999999999999999 -0.0 -0.0
-50.0 33.24311806637999 -27.567726199452718

0 0
10 0
10 10
0 10
1
4.070811398971578 -0.9999999999999999 -0.0 -0.0
-50.0 32.04619792826428 -25.965420927985058

0 0
10 0
10 10
0 10
1
4.070811398971578 -0.9999999999999999 -0.0 -0.0
-50.0 30.849277790148562 -24.363115656517397

0 0
10 0
10 10
0 10
1
4.070811398971578 -0.9999999999999999 -0.0 -0.0
-50.0 29.652357652032848 -22.760810385049737

0 0
10 0
10 10
0 10
1
4.070811398971578 -0.9999999999999999 -0.0 -0.0
-50.0 28.455437513917133 -21.158505113582077

0 0
10 0
10 10
0 10
1
4.070811398971578 -0.9999999999999999 -0.0 -0.0
-50.0 27.258517375801418 -19.556199842114417

0 0
10 0
10 10
0 10
1
4.070811398971578 -0.9999999999999999 -0.0 -0.0
-50.0 26.061597237685703 -17.953894570646757

0 0
10 0
10 10
0 10
1
4.070811398971578 -0.9999999999999999 -0.0 -0.0
-50.0 24.864677099569988 -16.351589299179096

0 0
10 0
10 10
0 10
1
4.070811398971578 -0.9999999999999999 -0.0 -0.0
-50.0 23.667756961454273 -14.749284027711436

0 0
10 0
10 10
0 10
1
4.070811398971578 -0.9999999999999999 -0.0 -0.0
-50.0 22.47083682333856 -13.146978756243776

0 0
10 0
10 10
0 10
1
4.070811398971578 -0.9999999999999999 -0.0 -0.0
-50.0 21.273916685222844 -11.544673484776116

0 0
10 0
10 10
0 10
1
4.070811398971578 -0.9999999999999999 -0.0 -0.0
-50.0 20.07699654710713 -9.942368213308455

0 0
10 0
10 10
0 10
1
4.070811398971578 -0.9999999999999999 -0.0 -0.0
-50.0 18.880076408991414 -8.340062941840795

0 0
10 0
10 10
0 10
1
4.070811398971578 -0.9999999999999999 -0.0 -0.0
-50.0 17.6831562708757 -6.737757670373134

0 0
10 0
10 10
0 10
1
4.070811398971578 -0.9999999999999999 -0.0 -0.0
-50.0 16.486236132759984 -5.135452398905473

0 0
10 0
10 10
0 10
1
4.070811398971578 -0.9999999999999999 -0.0 -0.0
-50.0 15.289315994644268 -3.533147127437812

0 0
10 0
10 10
0 10
1
4.070811398971578 -0.9999999999999999 -0.0 -0.0
-50.0 14.092395856528551 -1.930841855970151

0 0
10 0
10 10
0 10
1
4.070811398971578 -0.9999999999999999 -0.0 -0.0
-50.0 12.895475718412834 -0.3285365845024901

0 0
10 0
10 10
0 10
1
4.070811398971578 -0.9999999999999999 -0.0 -0.0
-50.0 11.698555580297118 1.2737686869651708

0 0
10 0
10 10
0 10
1
4.070811398971578 -0.9999999999999999 -0.0 -0.0
-50.0 10.501635442181401 2.8760739584328316

0 0
10 0
10 10
0 10
1
4.070811398971578 -0.9999999999999999 -0.0 -0.0
-50.0 9.304715304065684 4.478379229900493

0 0
10 0
10 10
0 10
1
4.070811398971578 -0.9999999999999999 -0.0 -0.0
-50.0 8.107795165949968 6.080684501368154

0 0
10 0
10 10
0 10
1
4.070811398971578 -0.9999999999999999 -0.0 -0.0
-50.0 6.910875027834251 7.682989772835815

0 0
10 0
10 10
0 10
1
4.070811398971578 -0.9999999999999999 -0.0 -0.0
-50.0 5.713954889718535 9.285295044303476

0 0
10 0
10 10
0 10
1
4.05957123642076 -0.9860092729290939 -0.1490207264716396 0.07468960288891827
-50.0 4.517034751602818 10.887600315771136

0 0
10 0
10 10
0 10
1
4.05957123642076 -0.9860092729290939 -0.1490207264716396 0.07468960288891827
-49.40895958667732 3.3735732690916143 12.418341008322503

0 0
10 0
10 10
0 10
1
4.026285177863425 -0.9450266281116658 -0.29233099292129083 0.14651710732043485
-48.81791917335464 2.2301117865804105 13.949081700873869

0 0
10 0
10 10
0 10
1
4.026285177863425 -0.9450266281116658 -0.29233099292129083 0.14651710732043485
-47.68863422656457 1.2422509683908987 15.27152130737365

0 0
10 0
10 10
0 10
1
3.972197335911419 -0.8797832257978394 -0.4249837438661404 0.21300303531702777
-46.559349279774494 0.2543901502013868 16.59396091387343

0 0
10 0
10 10
0 10
1
3.972197335911419 -0.8797832257978394 -0.4249837438661404 0.21300303531702777
-44.99269546051953 -0.48962733887524257 17.589969842830364

0 0
10 0
10 10
0 10
1
3.8992040805447785 -0.7941467656957694 -0.5433050336379815 0.2723059950838043
-43.42604164126456 -1.233644827951872 18.585978771787296

0 0
10 0
10 10
0 10
1
3.8992040805447785 -0.7941467656957694 -0.5433050336379815 0.2723059950838043
-41.56196346933011 -1.6673581214873923 19.166586511942455

0 0
10 0
10 50
0 50
1
3.8992040805447785 -0.7941467656957694 -0.5433050336379815 0.2723059950838043
-39.69788529739566 -2.1010714150229126 19.747194252097614

0 0
10 0
10 50
0 50
1
3.8992040805447785 -0.7941467656957694 -0.5433050336379815 0.2723059950838043
-37.833807125461206 -2.534784708558433 20.327801992252773

0 0
10 0
10 50
0 50
1
3.8992040805447785 -0.7941467656957694 -0.5433050336379815 0.2723059950838043
-35.969728953526754 -1.3661927306262913 22.105329870523647

0 0
10 0
10 50
0 50
1
3.8992040805447785 -0.7941467656957694 -0.5433050336379815 0.2723059950838043
-34.1056507815923 -1.7999060241618117 22.685937610678806

0 0
10 0
10 50
0 50
1
3.8992040805447785 -0.7941467656957694 -0.5433050336379815 0.2723059950838043
-32.24157260965785 -2.233619317697332 23.266545350833965

0 0
10 0
10 50
0 50
1
3.8992040805447785 -0.7941467656957694 -0.5433050336379815 0.2723059950838043
-30.3774944377234 -2.6673326112328524 23.847153090989124

0 0
10 0
10 50
0 50
1
3.8992040805447785 -0.7941467656957694 -0.5433050336379815 0.2723059950838043
-28.513416265788948 -3.1010459047683727 24.427760831144283

0 0
10 0
10 50
0 50
1
3.8992040805447785 -0.7941467656957694 -0.5433050336379815 0.2723059950838043
-26.649338093854496 -3.534759198303893 25.008368571299442

0 0
10 0
10 50
0 50
1
3.8992040805447785 -0.7941467656957694 -0.5433050336379815 0.2723059950838043
-24.785259921920044 -3.9684724918394134 25.5889763114546

0 0
10 0
10 50
0 50
1
3.8992040805447785 -0.7941467656957694 -0.5433050336379815 0.2723059950838043
-22.921181749985593 -4.402185785374934 26.16958405160976

0 0
10 0
10 50
0 50
1
3.8992040805447785 -0.7941467656957694 -0.5433050336379815 0.2723059950838043
-21.05710357805114 -4.835899078910455 26.75019179176492

0 0
10 0
10 50
0 50
1
3.8992040805447785 -0.7941467656957694 -0.5433050336379815 0.2723059950838043
-19.19302540611669 -5.269612372445975 27.33079953192008

0 0
10 0
10 50
0 50
1
3.8992040805447785 -0.7941467656957694 -0.5433050336379815 0.2723059950838043
-17.328947234182237 -5.703325665981495 27.911407272075238

0 0
10 0
10 50
0 50
1
3.8992040805447785 -0.7941467656957694 -0.5433050336379815 0.2723059950838043
-15.464869062247784 -6.137038959517016 28.492015012230397

0 0
10 0
10 10
0 10
1
3.8992040805447785 -0.7941467656957694 -0.5433050336379815 0.2723059950838043
-13.60079089031333 -6.570752253052536 29.072622752385556

0 0
10 0
10 10
0 10
1
3.8992040805447785 -0.7941467656957694 -0.5433050336379815 0.2723059950838043
-11.736712718378877 -7.004465546588056 29.653230492540715

0 0
10 0
10 10
0 10
1
3.8992040805447785 -0.7941467656957694 -0.5433050336379815 0.2723059950838043
-9.872634546444424 -9.04048411159124 29.03691809458016

0 0
10 0
10 10
0 10
1
3.8992040805447785 -0.7941467656957694 -0.5433050336379815 0.2723059950838043
-8.00855637450997 -9.47419740512676 29.617525834735318

0 0
10 0
10 10
0 10
1
3.8992040805447785 -0.7941467656957694 -0.5433050336379815 0.2723059950838043
-6.144478202575517 -9.907910698662281 30.198133574890477

0 0
10 0
10 10
0 10
1
3.8992040805447785 -0.7941467656957694 -0.5433050336379815 0.2723059950838043
-4.280400030641063 -10.341623992197801 30.778741315045636

0 0
10 0
10 50
0 50
1
3.8992040805447785 -0.7941467656957694 -0.5433050336379815 0.2723059950838043
-2.4163218587066098 -10.775337285733322 31.359349055200795

0 0
10 0
10 50
0 50
1
3.8992040805447785 -0.7941467656957694 -0.5433050336379815 0.2723059950838043
-0.5522436867721563 -9.60674530780118 33.13687693347167

0 0
10 0
10 50
0 50
1
3.8992040805447785 -0.7941467656957694 -0.5433050336379815 0.2723059950838043
1.3118344851622972 -10.040458601336699 33.71748467362683

0 0
10 0
10 50
0 50
1
3.8992040805447785 -0.7941467656957694 -0.5433050336379815 0.2723059950838043
3.1759126570967506 -10.47417189487222 34.29809241378199

0 0
10 0
10 50
0 50
1
3.8992040805447785 -0.7941467656957694 -0.5433050336379815 0.2723059950838043
5.039990829031204 -10.90788518840774 34.878700153937146

0 0
10 0
10 50
0 50
1
3.8992040805447785 -0.7941467656957694 -0.5433050336379815 0.2723059950838043
6.904069000965658 -11.34159848194326 35.459307894092305

0 0
10 0
10 50
0 50
1
3.8992040805447785 -0.7941467656957694 -0.5433050336379815 0.2723059950838043
8.768147172900111 -11.77531177547878 36.039915634247464

0 0
10 0
10 50
0 50
1
3.8992040805447785 -0.7941467656957694 -0.5433050336379815 0.2723059950838043
10.632225344834564 -12.2090250690143 36.62052337440262

0 0
10 0
10 50
0 50
1
3.8992040805447785 -0.7941467656957694 -0.5433050336379815 0.2723059950838043
12.496303516769018 -12.64273836254982 37.20113111455778

0 0
10 0
10 50
0 50
1
3.8992040805447785 -0.7941467656957694 -0.5433050336379815 0.2723059950838043
14.360381688703471 -13.076451656085341 37.78173885471294

0 0
10 0
10 50
0 50
1
3.8992040805447785 -0.7941467656957694 -0.5433050336379815 0.2723059950838043
16.224459860637925 -13.510164949620862 38.3623465948681

0 0
10 0
10 50
0 50
1
3.8992040805447785 -0.7941467656957694 -0.5433050336379815 0.2723059950838043
18.08853803257238 -13.943878243156382 38.94295433502326

0 0
10 0
10 50
0 50
1
3.8992040805447785 -0.7941467656957694 -0.5433050336379815 0.2723059950838043
19.952616204506832 -14.377591536691902 39.52356207517842

0 0
10 0
10 50
0 50
1
3.8992040805447785 -0.7941467656957694 -0.5433050336379815 0.2723059950838043
21.816694376441284 -14.811304830227423 40.10416981533358

0 0
10 0
10 10
0 10
1
3.8992040805447785 -0.7941467656957694 -0.5433050336379815 0.2723059950838043
23.680772548375735 -15.245018123762943 40.684777555488736

0 0
10 0
10 10
0 10
1
3.8992040805447785 -0.7941467656957694 -0.5433050336379815 0.2723059950838043
25.544850720310187 -17.281036688766125 40.06846515752818

0 0
10 0
10 10
0 10
1
3.8992040805447785 -0.7941467656957694 -0.5433050336379815 0.2723059950838043
27.40892889224464 -17.714749982301647 40.64907289768334

0 0
10 0
10 10
0 10
1
3.8992040805447785 -0.7941467656957694 -0.5433050336379815 0.2723059950838043
29.27300706417909 -18.14846327583717 41.2296806378385

0 0
10 0
10 10
0 10
1
3.899204080544779 -0.7941467656957697 -0.5433050336379817 0.2723059950838043
31.137085236113542 -18.58217656937269 41.81028837799366

0 0
10 0
10 10
0 10
1
3.899204080544779 -0.7941467656957697 -0.5433050336379817 0.2723059950838043
33.001163408047994 -19.015889862908214 42.39089611814882

0 0
10 0
10 10
0 10
1
3.8096474457693486 -0.6923964171381001 -0.6450340510838135 0.32329286177818345
34.865241579982445 -19.449603156443736 42.971503858303976

0 0
10 0
10 10
0 10
1
3.8096474457693486 -0.6923964171381001 -0.6450340510838135 0.32329286177818345
36.86023155319056 -19.534269937633763 43.08484644942501

0 0
10 0
10 10
0 10
1
3.7061128619467554 -0.57861392112832 -0.7291450874988767 0.3654495473424026
38.85522152639867 -19.61893671882379 43.19818904054604

0 0
10 0
10 10
0 10
1
3.7061128619467554 -0.57861392112832 -0.7291450874988767 0.3654495473424026
40.802916788155066 -19.34699395626356 42.83414192653081

0 0
10 0
10 10
0 10
1
3.5912686867248698 -0.45631212624462497 -0.7954959158132289 0.3987047671731345
42.75061204991146 -19.07505119370333 42.47009481251558

0 0
10 0
10 10
0 10
1
3.5912686867248698 -0.45631212624462497 -0.7954959158132289 0.3987047671731345
44.47703078320921 -18.470790724458485 41.66117723783532

0 0
10 0
10 10
0 10
1
3.467762470280059 -0.32830283958939654 -0.8444446813985449 0.4232380247275176
46.20344951650696 -17.86653025521364 40.85225966315505

0 0
10 0
10 10
0 10
1
3.467762470280059 -0.32830283958939654 -0.8444446813985449 0.4232380247275176
47.55437587760926 -16.983928867362348 39.67072982559618

0 0
10 0
10 10
0 10
1
3.467762470280059 -0.32830283958939654 -0.8444446813985449 0.4232380247275176
48.90530223871156 -16.101327479511056 38.48919998803731

0 0
10 0
10 10
0 10
1
3.467762470280059 -0.32830283958939654 -0.8444446813985449 0.4232380247275176
50.256228599813866 -15.218726091659764 37.307670150478444

0 0
10 0
10 10
0 10
1
3.467762470280059 -0.32830283958939654 -0.8444446813985449 0.4232380247275176
51.60715496091617 -14.336124703808473 36.126140312919574

0 0
10 0
10 10
0 10
1
3.467762470280059 -0.32830283958939654 -0.8444446813985449 0.4232380247275176
52.95808132201847 -13.453523315957181 34.944610475360705

0 0
10 0
10 10
0 10
1
3.467762470280059 -0.32830283958939654 -0.8444446813985449 0.4232380247275176
54.309007683120775 -12.57092192810589 33.763080637801835

0 0
10 0
10 10
0 10
1
3.467762470280059 -0.32830283958939654 -0.8444446813985449 0.4232380247275176
55.65993404422308 -11.688320540254598 32.581550800242965

0 0
10 0
10 10
0 10
1
3.467762470280059 -0.32830283958939654 -0.8444446813985449 0.4232380247275176
57.01086040532538 -10.805719152403306 31.4000209626841

0 0
10 0
10 10
0 10
1
3.467762470280059 -0.32830283958939654 -0.8444446813985449 0.4232380247275176
58.361786766427684 -9.923117764552014 30.218491125125233

0 0
10 0
10 10
0 10
1
3.467762470280059 -0.32830283958939654 -0.8444446813985449 0.4232380247275176
59.71271312752999 -9.040516376700722 29.036961287566367

0 0
10 0
10 10
0 10
1
3.467762470280059 -0.32830283958939654 -0.8444446813985449 0.4232380247275176
61.06363948863229 -8.15791498884943 27.8554314500075

0 0
10 0
10 10
0 10
1
3.467762470280059 -0.32830283958939654 -0.8444446813985449 0.4232380247275176
62.41456584973459 -7.27531360099814 26.673901612448635

0 0
10 0
10 10
0 10
1
3.467762470280059 -0.32830283958939654 -0.8444446813985449 0.4232380247275176
63.7654922108369 -6.392712213146849 25.49237177488977

0 0
10 0
10 10
0 10
1
3.467762470280059 -0.32830283958939654 -0.8444446813985449 0.4232380247275176
65.11641857193919 -5.510110825295558 24.310841937330903

0 0
10 0
10 10
0 10
1
3.467762470280059 -0.32830283958939654 -0.8444446813985449 0.4232380247275176
66.46734493304149 -4.627509437444267 23.129312099772037

0 0
10 0
10 10
0 10
1
3.467762470280059 -0.32830283958939654 -0.8444446813985449 0.4232380247275176
67.81827129414378 -3.7449080495929765 21.94778226221317

0 0
10 0
10 10
0 10
1
3.467762470280059 -0.32830283958939654 -0.8444446813985449 0.4232380247275176
69.16919765524608 -2.8623066617416857 20.766252424654304

0 0
10 0
10 10
0 10
1
3.467762470280059 -0.32830283958939654 -0.8444446813985449 0.4232380247275176
70.52012401634838 -1.9797052738903949 19.58472258709544

0 0
10 0
10 10
0 10
1
3.467762470280059 -0.32830283958939654 -0.8444446813985449 0.4232380247275176
71.87105037745067 -1.097103886039104 18.403192749536572

0 0
10 0
10 10
0 10
1
3.467762470280059 -0.32830283958939654 -0.8444446813985449 0.4232380247275176
73.22197673855297 -0.21450249818781308 17.221662911977706

0 0
10 0
10 10
0 10
1
3.467762470280059 -0.32830283958939654 -0.8444446813985449 0.4232380247275176
74.57290309965526 0.6680988896634779 16.04013307441884

0 0
10 0
10 10
0 10
1
3.467762470280059 -0.32830283958939654 -0.8444446813985449 0.4232380247275176
75.92382946075756 1.550700277514769 14.858603236859974

0 0
10 0
10 10
0 10
1
3.467762470280059 -0.32830283958939654 -0.8444446813985449 0.4232380247275176
77.27475582185986 2.4333016653660597 13.677073399301108

0 0
10 0
10 10
0 10
1
3.467762470280059 -0.32830283958939654 -0.8444446813985449 0.4232380247275176
78.62568218296215 3.3159030532173506 12.495543561742242

0 0
10 0
10 10
0 10
1
3.467762470280059 -0.32830283958939654 -0.8444446813985449 0.4232380247275176
79.97660854406445 4.198504441068642 11.314013724183376

0 0
10 0
10 10
0 10
1
3.467762470280059 -0.32830283958939654 -0.8444446813985449 0.4232380247275176
81.32753490516674 5.081105828919933 10.13248388662451

0 0
10 0
10 10
0 10
1
3.467762470280059 -0.32830283958939654 -0.8444446813985449 0.4232380247275176
82.67846126626904 5.9637072167712235 8.950954049065643

0 0
10 0
10 10
0 10
1
3.467762470280059 -0.32830283958939654 -0.8444446813985449 0.4232380247275176
84.02938762737134 6.846308604622514 7.769424211506777

0 0
10 0
10 10
0 10
1
3.467762470280059 -0.32830283958939654 -0.8444446813985449 0.4232380247275176
85.38031398847363 7.728909992473805 6.587894373947911

0 0
10 0
10 10
0 10
1
3.467762470280059 -0.32830283958939654 -0.8444446813985449 0.4232380247275176
86.73124034957593 8.611511380325096 5.406364536389045

0 0
10 0
10 10
0 10
1
3.467762470280059 -0.32830283958939654 -0.8444446813985449 0.4232380247275176
88.08216671067822 9.494112768176388 4.224834698830179

0 0
10 0
10 10
0 10
1
3.467762470280059 -0.32830283958939654 -0.8444446813985449 0.4232380247275176
89.43309307178052 10.37671415602768 3.0433048612713125

0 0
10 0
10 10
0 10
1
3.467762470280059 -0.32830283958939654 -0.8444446813985449 0.4232380247275176
90.78401943288281 11.259315543878971 1.861775023712446

0 0
10 0
10 10
0 10
1
3.467762470280059 -0.32830283958939654 -0.8444446813985449 0.4232380247275176
92.13494579398511 12.141916931730263 0.6802451861535794

0 0
10 0
10 10
0 10
1
3.467762470280059 -0.32830283958939654 -0.8444446813985449 0.4232380247275176
93.4858721550874 13.024518319581555 -0.5012846514052871

0 0
10 0
10 10
0 10
1
3.467762470280059 -0.32830283958939654 -0.8444446813985449 0.4232380247275176
94.8367985161897 13.907119707432846 -1.6828144889641536

0 0
10 0
10 10
0 10
1
3.467762470280059 -0.32830283958939654 -0.8444446813985449 0.4232380247275176
96.187724877292 14.789721095284138 -2.86434432652302

0 0
10 0
10 10
0 10
1
3.467762470280059 -0.32830283958939654 -0.8444446813985449 0.4232380247275176
97.5386512383943 15.67232248313543 -4.045874164081887

0 0
10 0
10 10
0 10
1
3.467762470280059 -0.32830283958939654 -0.8444446813985449 0.4232380247275176
98.88957759949659 16.55492387098672 -5.227404001640753

0 0
10 0
10 10
0 10
1
3.467762470280059 -0.32830283958939654 -0.8444446813985449 0.4232380247275176
100.24050396059889 17.43752525883801 -6.408933839199619

0 0
10 0
10 10
0 10
1
3.467762470280059 -0.32830283958939654 -0.8444446813985449 0.4232380247275176
101.59143032170118 18.320126646689303 -7.590463676758485

0 0
10 0
10 10
0 10
1
3.467762470280059 -0.32830283958939654 -0.8444446813985449 0.4232380247275176
102.94235668280348 19.202728034540595 -8.771993514317352

