BSPLINE
64
8

5 0
0 0
0 5
0 0
-5 0
0 0
0 -5
0 0
0
5.265482457436692 -0.0 -0.9999999999999999 -0.0
0 -41 0


5 0
0 0
0 5
0 0
-5 0
0 0
0 -5
0 0
0.30000000000000004
5.265482457436692 -0.0 -0.9999999999999999 -0.0
0 -40 0

5 0
0 0
0 5
0 0
-5 0
0 0
0 -5
0 0
0.6
5.265482457436692 -0.0 -0.9999999999999999 -0.0
0.0 -38.0 0.0

5 0
0 0
0 5
0 0
-5 0
0 0
0 -5
0 0
0.8999999999999999
5.265482457436692 -0.0 -0.9999999999999999 -0.0
0.0 -36.0 0.0

5 0
0 0
0 5
0 0
-5 0
0 0
0 -5
0 0
1.2
5.265482457436692 -0.0 -0.9999999999999999 -0.0
0.0 -34.0 0.0

5 0
0 0
0 5
0 0
-5 0
0 0
0 -5
0 0
1.5000000000000002
5.265482457436692 -0.0 -0.9999999999999999 -0.0
0.0 -32.0 0.0

5 0
0 0
0 5
0 0
-5 0
0 0
0 -5
0 0
1.8000000000000005
5.265482457436692 -0.0 -0.9999999999999999 -0.0
0.0 -30.0 0.0

5 0
0 0
0 5
0 0
-5 0
0 0
0 -5
0 0
2.1000000000000005
5.265482457436692 -0.0 -0.9999999999999999 -0.0
0.0 -28.0 0.0

5 0
0 0
0 5
0 0
-5 0
0 0
0 -5
0 0
2.400000000000001
5.265482457436692 -0.0 -0.9999999999999999 -0.0
0.0 -26.0 0.0

5 0
0 0
0 5
0 0
-5 0
0 0
0 -5
0 0
2.700000000000001
5.265482457436692 -0.0 -0.9999999999999999 -0.0
0.0 -24.0 0.0

5 0
0 0
0 5
0 0
-5 0
0 0
0 -5
0 0
3.0000000000000013
5.265482457436692 -0.0 -0.9999999999999999 -0.0
0.0 -22.0 0.0

5 0
0 0
0 5
0 0
-5 0
0 0
0 -5
0 0
3.3000000000000016
5.265482457436692 -0.0 -0.9999999999999999 -0.0
0.0 -20.0 0.0

5 0
0 0
0 5
0 0
-5 0
0 0
0 -5
0 0
3.600000000000002
5.265482457436692 -0.0 -0.9999999999999999 -0.0
0.0 -18.0 0.0

5 0
0 0
0 5
0 0
-5 0
0 0
0 -5
0 0
3.900000000000002
5.265482457436692 -0.0 -0.9999999999999999 -0.0
0.0 -16.0 0.0

5 0
0 0
0 5
0 0
-5 0
0 0
0 -5
0 0
4.200000000000001
5.265482457436692 -0.0 -0.9999999999999999 -0.0
0.0 -14.0 0.0

5 0
0 0
0 5
0 0
-5 0
0 0
0 -5
0 0
4.5
5.265482457436692 -0.0 -0.9999999999999999 -0.0
0.0 -12.0 0.0

5 0
0 0
0 5
0 0
-5 0
0 0
0 -5
0 0
4.799999999999999
5.265482457436692 -0.0 -0.9999999999999999 -0.0
0.0 -10.0 0.0

5 0
0 0
0 5
0 0
-5 0
0 0
0 -5
0 0
5.099999999999998
5.265482457436692 -0.0 -0.9999999999999999 -0.0
0.0 -8.0 0.0

5 0
0 0
0 5
0 0
-5 0
0 0
0 -5
0 0
5.399999999999997
5.265482457436692 -0.0 -0.9999999999999999 -0.0
0.0 -6.0 0.0

5 0
0 0
0 5
0 0
-5 0
0 0
0 -5
0 0
5.699999999999996
5.265482457436692 -0.0 -0.9999999999999999 -0.0
0.0 -4.0 0.0

5 0
0 0
0 5
0 0
-5 0
0 0
0 -5
0 0
5.999999999999995
5.265482457436692 -0.0 -0.9999999999999999 -0.0
0.0 -2.0 0.0

5 0
0 0
0 5
0 0
-5 0
0 0
0 -5
0 0
6.299999999999994
5.265482457436692 -0.0 -0.9999999999999999 -0.0
0.0 0.0 0.0

5 0
0 0
0 5
0 0
-5 0
0 0
0 -5
0 0
2.0
5.265482457436692 -0.0 -0.9999999999999999 -0.0
0.0 -26.0 0.0

5 0
0 0
0 5
0 0
-5 0
0 0
0 -5
0 0
2.1
5.265482457436692 -0.0 -0.9999999999999999 -0.0
0.0 -24.0 0.0

5 0
4 4
0 5
-4 4
-5 0
-4 -4
0 -5
4 -4
0.6999999999999993
5.265482457436692 -0.0 -0.9999999999999999 -0.0
0.0 -22.0 0.0

5 0
4 4
0 5
-4 4
-5 0
-4 -4
0 -5
4 -4
0.49999999999999933
5.265482457436692 -0.0 -0.9999999999999999 -0.0
0.0 -20.0 0.0

5 0
4 4
0 5
-4 4
-5 0
-4 -4
0 -5
4 -4
0.49999999999999933
5.265482457436692 -0.0 -0.9999999999999999 -0.0
0.0 -18.0 0.0

5 0
4 4
0 5
-4 4
-5 0
-4 -4
0 -5
4 -4
0.49999999999999933
5.265482457436692 -0.0 -0.9999999999999999 -0.0
0.0 -16.0 0.0

5 0
4 4
0 5
-4 4
-5 0
-4 -4
0 -5
4 -4
0.49999999999999933
5.265482457436692 -0.0 -0.9999999999999999 -0.0
0.0 -14.0 0.0

5 0
4 4
0 5
-4 4
-5 0
-4 -4
0 -5
4 -4
0.49999999999999933
5.265482457436692 -0.0 -0.9999999999999999 -0.0
0.0 -12.0 0.0

5 0
4 4
0 5
-4 4
-5 0
-4 -4
0 -5
4 -4
0.49999999999999933
5.265482457436692 -0.0 -0.9999999999999999 -0.0
0.0 -10.0 0.0

5 0
4 4
0 5
-4 4
-5 0
-4 -4
0 -5
4 -4
0.49999999999999933
5.265482457436692 -0.0 -0.9999999999999999 -0.0
0.0 -8.0 0.0

5 0
4 4
0 5
-4 4
-5 0
-4 -4
0 -5
4 -4
0.49999999999999933
5.265482457436692 -0.0 -0.9999999999999999 -0.0
0.0 -6.0 0.0

5 0
4 4
0 5
-4 4
-5 0
-4 -4
0 -5
4 -4
0.49999999999999933
5.265482457436692 -0.0 -0.9999999999999999 -0.0
0.0 -4.0 0.0

5 0
4 4
0 5
-4 4
-5 0
-4 -4
0 -5
4 -4
0.49999999999999933
5.265482457436692 -0.0 -0.9999999999999999 -0.0
0.0 -2.0 0.0

5 0
4 4
0 5
-4 4
-5 0
-4 -4
0 -5
4 -4
0.49999999999999933
5.265482457436692 -0.0 -0.9999999999999999 -0.0
0.0 0.0 0.0

5 0
4 4
0 5
-4 4
-5 0
-4 -4
0 -5
4 -4
0.49999999999999933
5.265482457436692 -0.0 -0.9999999999999999 -0.0
0.0 2.0 0.0

5 0
4 4
0 5
-4 4
-5 0
-4 -4
0 -5
4 -4
0.49999999999999933
5.265482457436692 -0.0 -0.9999999999999999 -0.0
0.0 4.0 0.0

5 0
4 4
0 5
-4 4
-5 0
-4 -4
0 -5
4 -4
0.49999999999999933
5.265482457436692 -0.0 -0.9999999999999999 -0.0
0.0 6.0 0.0

5 0
4 4
0 5
-4 4
-5 0
-4 -4
0 -5
4 -4
0.49999999999999933
5.265482457436692 -0.0 -0.9999999999999999 -0.0
0.0 8.0 0.0

5 0
4 4
0 5
-4 4
-5 0
-4 -4
0 -5
4 -4
0.49999999999999933
5.265482457436692 -0.0 -0.9999999999999999 -0.0
0.0 10.0 0.0

5 0
4 4
0 5
-4 4
-5 0
-4 -4
0 -5
4 -4
0.49999999999999933
5.265482457436692 -0.0 -0.9999999999999999 -0.0
0.0 12.0 0.0

5 0
4 4
0 5
-4 4
-5 0
-4 -4
0 -5
4 -4
0.49999999999999933
5.265482457436692 -0.0 -0.9999999999999999 -0.0
0.0 14.0 0.0

5 0
4 4
0 5
-4 4
-5 0
-4 -4
0 -5
4 -4
0.49999999999999933
5.265482457436692 -0.0 -0.9999999999999999 -0.0
0.0 16.0 0.0

5 0
4 4
0 5
-4 4
-5 0
-4 -4
0 -5
4 -4
0.49999999999999933
5.265482457436692 -0.0 -0.9999999999999999 -0.0
0.0 18.0 0.0

5 0
4 4
0 5
-4 4
-5 0
-4 -4
0 -5
4 -4
0.49999999999999933
5.265482457436692 -0.0 -0.9999999999999999 -0.0
0.0 20.0 0.0

5 0
4 4
0 5
-4 4
-5 0
-4 -4
0 -5
4 -4
0.49999999999999933
5.265482457436692 -0.0 -0.9999999999999999 -0.0
0.0 22.0 0.0

5 0
4 4
0 5
-4 4
-5 0
-4 -4
0 -5
4 -4
0.49999999999999933
5.2477127543107125 0.1761617612919896 -0.9794435253686625 -0.09827214494408242
0.0 24.0 0.0

5 0
4 4
0 5
-4 4
-5 0
-4 -4
0 -5
4 -4
0.49999999999999933
5.196157208151568 0.3354924257478925 -0.923264764733079 -0.18715503324294863
-0.33809686758070456 25.960133155682485 -0.20873073594069802

5 0
4 4
0 5
-4 4
-5 0
-4 -4
0 -5
4 -4
0.49999999999999933
5.11531561007388 0.4681189912302503 -0.8441978391189026 -0.2611409934815895
-1.000811747558034 27.802255143688257 -0.617870772068066

5 0
4 4
0 5
-4 4
-5 0
-4 -4
0 -5
4 -4
0.49999999999999933
5.010810674671431 0.572398540439329 -0.7552474998055475 -0.3193135213867368
-1.9617242889850304 29.452926373507616 -1.2111089862577509

5 0
4 4
0 5
-4 4
-5 0
-4 -4
0 -5
4 -4
0.49999999999999933
4.888018988066213 0.6517837123887683 -0.6655629150463355 -0.3635986776375046
-3.1825259411698745 30.84633979220195 -1.9647948429814508

5 0
4 4
0 5
-4 4
-5 0
-4 -4
0 -5
4 -4
0.49999999999999933
4.679054724426474 0.7352767157128337 -0.5395593543433919 -0.41017539476557296
-4.614547194702346 31.92694440393823 -2.848881265524848

5 0
4 4
0 5
-4 4
-5 0
-4 -4
0 -5
4 -4
0.49999999999999933
4.449772362423902 0.7894012168627815 -0.42769264889921954 -0.44036884187364117
-6.254337306832726 32.4619420611874 -3.861237870134775

5 0
4 4
0 5
-4 4
-5 0
-4 -4
0 -5
4 -4
0.49999999999999933
4.207283960775292 0.8246904964394886 -0.32899081509612627 -0.460055027865993
-7.955418710551298 32.40354301658482 -4.911433856373712

5 0
4 4
0 5
-4 4
-5 0
-4 -4
0 -5
4 -4
0.49999999999999933
3.956183822625326 0.8476359836252323 -0.24066821916783637 -0.4728552078028436
-9.565838870311632 31.756963882857807 -5.905658344538404

5 0
4 4
0 5
-4 4
-5 0
-4 -4
0 -5
4 -4
0.49999999999999933
3.699546940252697 0.8620828570452646 -0.15979507816183727 -0.4809144212684097
-10.94174374947813 30.57996164834711 -6.755100222151384

5 0
4 4
0 5
-4 4
-5 0
-4 -4
0 -5
4 -4
0.49999999999999933
3.439559906223113 0.870237923989362 -0.08373119630724915 -0.48546373954770816
-11.960227862985223 28.977674417253233 -7.383881376136785

5 0
4 4
0 5
-4 4
-5 0
-4 -4
0 -5
4 -4
0.49999999999999933
3.177915089481486 0.8732598099689516 -0.010132381031536072 -0.48714950389754624
-12.530313058274864 27.09322973591591 -7.735834658677327

5 0
4 4
0 5
-4 4
-5 0
-4 -4
0 -5
4 -4
0.49999999999999933
3.177915089481486 0.8732598099689516 -0.010132381031536072 -0.48714950389754624
-12.601075322708756 25.094959435369343 -7.779521131248951

5 0
4 4
0 5
-4 4
-5 0
-4 -4
0 -5
4 -4
0.39999999999999936
3.177915089481486 0.8732598099689516 -0.010132381031536072 -0.48714950389754624
-12.671837587142647 23.09668913482278 -7.823207603820576

5 0
4 4
0 5
-4 4
-5 0
-4 -4
0 -5
4 -4
0.2999999999999994
3.177915089481486 0.8732598099689516 -0.010132381031536072 -0.48714950389754624
-12.74259985157654 21.098418834276213 -7.8668940763922

5 0
4 4
0 5
-4 4
-5 0
-4 -4
0 -5
4 -4
0.19999999999999937
3.177915089481486 0.8732598099689516 -0.010132381031536072 -0.48714950389754624
-12.813362116010431 19.100148533729648 -7.910580548963825

5 0
4 4
0 5
-4 4
-5 0
-4 -4
0 -5
4 -4
0
3.177915089481486 0.8732598099689516 -0.010132381031536072 -0.48714950389754624
-12.884124380444323 18.101878233183083 -7.95426702153545

