BSPLINE
123
4
0 0
10 0
10 10
0 10
1
4.070811398971578 -0.9999999999999999 -0.0 -0.0
-50 50 -50

0 0
10 0
10 10
0 10
1
4.070811398971578 -0.9999999999999999 -0.0 -0.0
-50.0 48.803079861884285 -48.397694728532336

0 0
10 0
10 10
0 10
1
4.070811398971578 -0.9999999999999999 -0.0 -0.0
-50.0 47.60615972376857 -46.79538945706467

0 0
10 0
10 10
0 10
1
4.070811398971578 -0.9999999999999999 -0.0 -0.0
-50.0 46.409239585652855 -45.19308418559701

0 0
10 0
10 10
0 10
1
4.070811398971578 -0.9999999999999999 -0.0 -0.0
-50.0 45.21231944753714 -43.590778914129345

0 0
10 0
10 10
0 10
1
4.070811398971578 -0.9999999999999999 -0.0 -0.0
-50.0 44.015399309421426 -41.98847364266168

0 0
10 0
10 10
0 10
1
4.070811398971578 -0.9999999999999999 -0.0 -0.0
-50.0 42.81847917130571 -40.38616837119402

0 0
10 0
10 10
0 10
1
4.070811398971578 -0.9999999999999999 -0.0 -0.0
-50.0 41.621559033189996 -38.783863099726354

0 0
10 0
10 10
0 10
1
4.070811398971578 -0.9999999999999999 -0.0 -0.0
-50.0 40.42463889507428 -37.18155782825869

0 0
10 0
10 10
0 10
1
4.070811398971578 -0.9999999999999999 -0.0 -0.0
-50.0 39.227718756958566 -35.579252556791026

0 0
10 0
10 10
0 10
1
4.070811398971578 -0.9999999999999999 -0.0 -0.0
-50.0 38.03079861884285 -33.97694728532336

0 0
10 0
10 10
0 10
1
4.070811398971578 -0.9999999999999999 -0.0 -0.0
-50.0 36.83387848072714 -32.3746420138557

0 0
10 0
10 10
0 10
1
4.070811398971578 -0.9999999999999999 -0.0 -0.0
-50.0 35.63695834261142 -30.77233674238804

0 0
10 0
10 10
0 10
1
4.070811398971578 -0.9999999999999999 -0.0 -0.0
-50.0 34.44003820449571 -29.170031470920378

0 0
10 0
10 10
0 10
1
4.070811398971578 -0.9999999999999999 -0.0 -0.0
-50.0 33.24311806637999 -27.567726199452718

0 0
10 0
10 10
0 10
1
4.070811398971578 -0.9999999999999999 -0.0 -0.0
-50.0 32.04619792826428 -25.965420927985058

0 0
10 0
10 10
0 10
1
4.070811398971578 -0.9999999999999999 -0.0 -0.0
-50.0 30.849277790148562 -24.363115656517397

0 0
10 0
10 10
0 10
1
4.070811398971578 -0.9999999999999999 -0.0 -0.0
-50.0 29.652357652032848 -22.760810385049737

0 0
10 0
10 10
0 10
1
4.070811398971578 -0.9999999999999999 -0.0 -0.0
-50.0 28.455437513917133 -21.158505113582077

0 0
10 0
10 10
0 10
1
4.070811398971578 -0.9999999999999999 -0.0 -0.0
-50.0 27.258517375801418 -19.556199842114417

0 0
10 0
10 10
0 10
1
4.070811398971578 -0.9999999999999999 -0.0 -0.0
-50.0 26.061597237685703 -17.953894570646757

0 0
10 0
10 10
0 10
1
4.070811398971578 -0.9999999999999999 -0.0 -0.0
-50.0 24.864677099569988 -16.351589299179096

0 0
10 0
10 10
0 10
1
4.070811398971578 -0.9999999999999999 -0.0 -0.0
-50.0 23.667756961454273 -14.749284027711436

0 0
10 0
10 10
0 10
1
4.070811398971578 -0.9999999999999999 -0.0 -0.0
-50.0 22.47083682333856 -13.146978756243776

0 0
10 0
10 10
0 10
1
4.070811398971578 -0.9999999999999999 -0.0 -0.0
-50.0 21.273916685222844 -11.544673484776116

0 0
10 0
10 10
0 10
1
4.070811398971578 -0.9999999999999999 -0.0 -0.0
-50.0 20.07699654710713 -9.942368213308455

0 0
10 0
10 10
0 10
1
4.070811398971578 -0.9999999999999999 -0.0 -0.0
-50.0 18.880076408991414 -8.340062941840795

0 0
10 0
10 10
0 10
1
4.070811398971578 -0.9999999999999999 -0.0 -0.0
-50.0 17.6831562708757 -6.737757670373134

0 0
10 0
10 10
0 10
1
4.070811398971578 -0.9999999999999999 -0.0 -0.0
-50.0 16.486236132759984 -5.135452398905473

0 0
10 0
10 10
0 10
1
4.070811398971578 -0.9999999999999999 -0.0 -0.0
-50.0 15.289315994644268 -3.533147127437812

0 0
10 0
10 10
0 10
1
4.070811398971578 -0.9999999999999999 -0.0 -0.0
-50.0 14.092395856528551 -1.930841855970151

0 0
10 0
10 10
0 10
1
4.070811398971578 -0.9999999999999999 -0.0 -0.0
-50.0 12.895475718412834 -0.3285365845024901

0 0
10 0
10 10
0 10
1
4.05957123642076 -0.9860092729290939 -0.1490207264716396 0.07468960288891827
-50.0 11.698555580297118 1.2737686869651708

0 0
10 0
10 10
0 10
1
4.026285177863425 -0.9450266281116658 -0.29233099292129083 0.14651710732043485
-49.40895958667732 10.555094097785915 2.804509379516537

0 0
10 0
10 10
0 10
1
4.026285177863425 -0.9450266281116658 -0.29233099292129083 0.14651710732043485
-48.27967463988725 9.567233279596403 4.126948986016318

0 0
10 0
10 10
0 10
1
3.992432101642413 -0.9040032503686093 -0.38220644397310466 0.19156293354515072
-47.150389693097175 8.57937246140689 5.449388592516099

0 0
10 0
10 10
0 10
1
3.992432101642413 -0.9040032503686093 -0.38220644397310466 0.19156293354515072
-45.71567751129813 7.745470170628936 6.56572542556995

0 0
10 0
10 10
0 10
1
3.992432101642413 -0.9040032503686093 -0.38220644397310466 0.19156293354515072
-44.28096532949909 6.911567879850981 7.682062258623802

0 0
10 0
10 10
0 10
1
3.949858308502053 -0.8532940663202588 -0.46615667299969005 0.2336390219986767
-42.84625314770005 6.0776655890730265 8.798399091677652

0 0
10 0
10 10
0 10
1
3.949858308502053 -0.8532940663202588 -0.46615667299969005 0.2336390219986767
-41.16331117808425 5.430966878509093 9.664128324556305

0 0
10 0
10 10
0 10
1
3.8992040805447785 -0.7941467656957694 -0.5433050336379815 0.2723059950838043
-39.48036920846845 4.784268167945159 10.529857557434958

0 0
10 0
10 10
0 10
1
3.8992040805447785 -0.7941467656957694 -0.5433050336379815 0.2723059950838043
-37.616291036534 4.350554874409639 11.110465297590117

0 0
10 0
10 50
0 50
1
3.8992040805447785 -0.7941467656957694 -0.5433050336379815 0.2723059950838043
-35.75221286459955 3.9168415808741184 11.691073037745277

0 0
10 0
10 50
0 50
1
3.8992040805447785 -0.7941467656957694 -0.5433050336379815 0.2723059950838043
-33.8881346926651 3.483128287338598 12.271680777900436

0 0
10 0
10 50
0 50
1
3.8992040805447785 -0.7941467656957694 -0.5433050336379815 0.2723059950838043
-32.024056520730646 3.0494149938030777 12.852288518055595

0 0
10 0
10 50
0 50
1
3.8992040805447785 -0.7941467656957694 -0.5433050336379815 0.2723059950838043
-30.159978348796194 2.6157017002675573 13.432896258210754

0 0
10 0
10 50
0 50
1
3.8992040805447785 -0.7941467656957694 -0.5433050336379815 0.2723059950838043
-28.295900176861743 2.181988406732037 14.013503998365913

0 0
10 0
10 50
0 50
1
3.8992040805447785 -0.7941467656957694 -0.5433050336379815 0.2723059950838043
-26.43182200492729 1.7482751131965166 14.594111738521072

0 0
10 0
10 50
0 50
1
3.8992040805447785 -0.7941467656957694 -0.5433050336379815 0.2723059950838043
-24.56774383299284 1.3145618196609963 15.17471947867623

0 0
10 0
10 50
0 50
1
3.8992040805447785 -0.7941467656957694 -0.5433050336379815 0.2723059950838043
-22.703665661058388 0.8808485261254758 15.75532721883139

0 0
10 0
10 50
0 50
1
3.8992040805447785 -0.7941467656957694 -0.5433050336379815 0.2723059950838043
-20.839587489123936 0.44713523258995536 16.33593495898655

0 0
10 0
10 50
0 50
1
3.8992040805447785 -0.7941467656957694 -0.5433050336379815 0.2723059950838043
-18.975509317189484 0.013421939054434895 16.916542699141708

0 0
10 0
10 50
0 50
1
3.8992040805447785 -0.7941467656957694 -0.5433050336379815 0.2723059950838043
-17.111431145255033 -0.42029135448108557 17.497150439296867

0 0
10 0
10 50
0 50
1
3.8992040805447785 -0.7941467656957694 -0.5433050336379815 0.2723059950838043
-15.247352973320579 -0.854004648016606 18.077758179452026

0 0
10 0
10 50
0 50
1
3.8992040805447785 -0.7941467656957694 -0.5433050336379815 0.2723059950838043
-13.383274801386126 -1.2877179415521265 18.658365919607185

0 0
10 0
10 50
0 50
1
3.8992040805447785 -0.7941467656957694 -0.5433050336379815 0.2723059950838043
-11.519196629451672 -1.721431235087647 19.238973659762344

0 0
10 0
10 50
0 50
1
3.8992040805447785 -0.7941467656957694 -0.5433050336379815 0.2723059950838043
-9.655118457517219 -2.1551445286231674 19.819581399917503

0 0
10 0
10 10
0 10
1
3.8992040805447785 -0.7941467656957694 -0.5433050336379815 0.2723059950838043
-7.791040285582765 -2.5888578221586878 20.400189140072662

0 0
10 0
10 10
0 10
1
3.8992040805447785 -0.7941467656957694 -0.5433050336379815 0.2723059950838043
-5.926962113648312 -3.022571115694208 20.98079688022782

0 0
10 0
10 10
0 10
1
3.8992040805447785 -0.7941467656957694 -0.5433050336379815 0.2723059950838043
-4.062883941713858 -3.4562844092297285 21.56140462038298

0 0
10 0
10 10
0 10
1
3.8992040805447785 -0.7941467656957694 -0.5433050336379815 0.2723059950838043
-2.198805769779405 -3.889997702765249 22.14201236053814

0 0
10 0
10 10
0 10
1
3.8992040805447785 -0.7941467656957694 -0.5433050336379815 0.2723059950838043
-0.3347275978449513 -4.323710996300769 22.722620100693298

0 0
10 0
10 10
0 10
1
3.8992040805447785 -0.7941467656957694 -0.5433050336379815 0.2723059950838043
1.5293505740895021 -4.7574242898362895 23.303227840848457

0 0
10 0
10 10
0 10
1
3.8992040805447785 -0.7941467656957694 -0.5433050336379815 0.2723059950838043
3.3934287460239556 -5.19113758337181 23.883835581003616

0 0
10 0
10 10
0 10
1
3.8992040805447785 -0.7941467656957694 -0.5433050336379815 0.2723059950838043
5.257506917958409 -5.62485087690733 24.464443321158775

0 0
10 0
10 50
0 50
1
3.8992040805447785 -0.7941467656957694 -0.5433050336379815 0.2723059950838043
7.1215850898928625 -6.058564170442851 25.045051061313934

0 0
10 0
10 50
0 50
1
3.8992040805447785 -0.7941467656957694 -0.5433050336379815 0.2723059950838043
8.985663261827316 -6.492277463978371 25.625658801469093

0 0
10 0
10 50
0 50
1
3.8992040805447785 -0.7941467656957694 -0.5433050336379815 0.2723059950838043
10.84974143376177 -6.925990757513891 26.206266541624252

0 0
10 0
10 50
0 50
1
3.8992040805447785 -0.7941467656957694 -0.5433050336379815 0.2723059950838043
12.713819605696223 -7.359704051049412 26.78687428177941

0 0
10 0
10 50
0 50
1
3.8992040805447785 -0.7941467656957694 -0.5433050336379815 0.2723059950838043
14.577897777630676 -7.793417344584932 27.36748202193457

0 0
10 0
10 50
0 50
1
3.8992040805447785 -0.7941467656957694 -0.5433050336379815 0.2723059950838043
16.44197594956513 -8.227130638120453 27.94808976208973

0 0
10 0
10 50
0 50
1
3.8992040805447785 -0.7941467656957694 -0.5433050336379815 0.2723059950838043
18.306054121499585 -8.660843931655974 28.52869750224489

0 0
10 0
10 50
0 50
1
3.8992040805447785 -0.7941467656957694 -0.5433050336379815 0.2723059950838043
20.170132293434037 -9.094557225191494 29.109305242400048

0 0
10 0
10 50
0 50
1
3.8992040805447785 -0.7941467656957694 -0.5433050336379815 0.2723059950838043
22.03421046536849 -9.528270518727014 29.689912982555207

0 0
10 0
10 50
0 50
1
3.8992040805447785 -0.7941467656957694 -0.5433050336379815 0.2723059950838043
23.89828863730294 -9.961983812262535 30.270520722710366

0 0
10 0
10 50
0 50
1
3.8992040805447785 -0.7941467656957694 -0.5433050336379815 0.2723059950838043
25.762366809237392 -10.395697105798055 30.851128462865525

0 0
10 0
10 50
0 50
1
3.8992040805447785 -0.7941467656957694 -0.5433050336379815 0.2723059950838043
27.626444981171844 -10.829410399333575 31.431736203020684

0 0
10 0
10 50
0 50
1
3.8992040805447785 -0.7941467656957694 -0.5433050336379815 0.2723059950838043
29.490523153106295 -11.263123692869096 32.01234394317584

0 0
10 0
10 50
0 50
1
3.8992040805447785 -0.7941467656957694 -0.5433050336379815 0.2723059950838043
31.354601325040747 -11.696836986404616 32.592951683331

0 0
10 0
10 10
0 10
1
3.8992040805447785 -0.7941467656957694 -0.5433050336379815 0.2723059950838043
33.2186794969752 -12.130550279940136 33.17355942348616

0 0
10 0
10 10
0 10
1
3.8992040805447785 -0.7941467656957694 -0.5433050336379815 0.2723059950838043
35.08275766890965 -12.564263573475657 33.75416716364132

0 0
10 0
10 10
0 10
1
3.8992040805447785 -0.7941467656957694 -0.5433050336379815 0.2723059950838043
36.9468358408441 -12.997976867011177 34.33477490379648

0 0
10 0
10 10
0 10
1
3.8992040805447785 -0.7941467656957694 -0.5433050336379815 0.2723059950838043
38.810914012778554 -13.431690160546697 34.91538264395164

0 0
10 0
10 10
0 10
1
3.8992040805447785 -0.7941467656957694 -0.5433050336379815 0.2723059950838043
40.674992184713005 -13.865403454082218 35.4959903841068

0 0
10 0
10 10
0 10
1
3.841183453594075 -0.7278424265595395 -0.6130532186991525 0.30726397957217727
42.53907035664746 -14.299116747617738 36.076598124261956

0 0
10 0
10 10
0 10
1
3.7765577135750625 -0.6556184507994075 -0.6750500356566973 0.3383369567920086
44.50996981662438 -14.502553843773027 36.34893737330731

0 0
10 0
10 10
0 10
1
3.706112861946755 -0.57861392112832 -0.7291450874988766 0.36544954734240265
46.509117022707386 -14.467604347507255 36.30215082479962

0 0
10 0
10 10
0 10
1
3.5912686867248698 -0.456312126244625 -0.7954959158132288 0.39870476717313463
48.45681228446378 -14.195661584947024 35.93810371078439

0 0
10 0
10 10
0 10
1
3.5912686867248698 -0.456312126244625 -0.7954959158132288 0.39870476717313463
50.18323101776153 -13.59140111570218 35.12918613610412

0 0
10 0
10 10
0 10
1
3.5912686867248698 -0.456312126244625 -0.7954959158132288 0.39870476717313463
51.90964975105928 -12.987140646457336 34.320268561423845

0 0
10 0
10 10
0 10
1
3.5912686867248698 -0.456312126244625 -0.7954959158132288 0.39870476717313463
53.636068484357025 -12.382880177212492 33.51135098674357

0 0
10 0
10 10
0 10
1
3.5912686867248698 -0.456312126244625 -0.7954959158132288 0.39870476717313463
55.362487217654774 -11.778619707967648 32.7024334120633

0 0
10 0
10 10
0 10
1
3.5912686867248698 -0.456312126244625 -0.7954959158132288 0.39870476717313463
57.08890595095252 -11.174359238722804 31.89351583738303

0 0
10 0
10 10
0 10
1
3.467762470280059 -0.32830283958939654 -0.8444446813985448 0.4232380247275177
58.81532468425027 -10.57009876947796 31.084598262702762

0 0
10 0
10 10
0 10
1
3.467762470280059 -0.32830283958939654 -0.8444446813985448 0.4232380247275177
60.166251045352574 -9.68749738162667 29.903068425143896

0 0
10 0
10 10
0 10
1
3.467762470280059 -0.32830283958939654 -0.8444446813985448 0.4232380247275177
61.51717740645488 -8.80489599377538 28.72153858758503

0 0
10 0
10 10
0 10
1
3.467762470280059 -0.32830283958939654 -0.8444446813985448 0.4232380247275177
62.86810376755718 -7.9222946059240895 27.540008750026164

0 0
10 0
10 10
0 10
1
3.467762470280059 -0.32830283958939654 -0.8444446813985448 0.4232380247275177
64.21903012865948 -7.039693218072799 26.358478912467298

0 0
10 0
10 10
0 10
1
3.467762470280059 -0.32830283958939654 -0.8444446813985448 0.4232380247275177
65.56995648976178 -6.157091830221508 25.176949074908432

0 0
10 0
10 10
0 10
1
3.467762470280059 -0.32830283958939654 -0.8444446813985448 0.4232380247275177
66.92088285086407 -5.274490442370217 23.995419237349566

0 0
10 0
10 10
0 10
1
3.467762470280059 -0.32830283958939654 -0.8444446813985448 0.4232380247275177
68.27180921196637 -4.391889054518926 22.8138893997907

0 0
10 0
10 10
0 10
1
3.467762470280059 -0.32830283958939654 -0.8444446813985448 0.4232380247275177
69.62273557306867 -3.509287666667636 21.632359562231834

0 0
10 0
10 10
0 10
1
3.467762470280059 -0.32830283958939654 -0.8444446813985448 0.4232380247275177
70.97366193417096 -2.6266862788163454 20.450829724672968

0 0
10 0
10 10
0 10
1
3.467762470280059 -0.32830283958939654 -0.8444446813985448 0.4232380247275177
72.32458829527326 -1.744084890965055 19.2692998871141

0 0
10 0
10 10
0 10
1
3.467762470280059 -0.32830283958939654 -0.8444446813985448 0.4232380247275177
73.67551465637555 -0.8614835031137645 18.087770049555235

0 0
10 0
10 10
0 10
1
3.467762470280059 -0.32830283958939654 -0.8444446813985448 0.4232380247275177
75.02644101747785 0.02111788473752596 16.90624021199637

0 0
10 0
10 10
0 10
1
3.467762470280059 -0.32830283958939654 -0.8444446813985448 0.4232380247275177
76.37736737858015 0.9037192725888165 15.724710374437503

0 0
10 0
10 10
0 10
1
3.467762470280059 -0.32830283958939654 -0.8444446813985448 0.4232380247275177
77.72829373968244 1.786320660440107 14.543180536878637

0 0
10 0
10 10
0 10
1
3.467762470280059 -0.32830283958939654 -0.8444446813985448 0.4232380247275177
79.07922010078474 2.6689220482913973 13.361650699319771

0 0
10 0
10 10
0 10
1
3.467762470280059 -0.32830283958939654 -0.8444446813985448 0.4232380247275177
80.43014646188703 3.5515234361426877 12.180120861760905

0 0
10 0
10 10
0 10
1
3.467762470280059 -0.32830283958939654 -0.8444446813985448 0.4232380247275177
81.78107282298933 4.434124823993979 10.998591024202039

0 0
10 0
10 10
0 10
1
3.467762470280059 -0.32830283958939654 -0.8444446813985448 0.4232380247275177
83.13199918409163 5.316726211845269 9.817061186643173

0 0
10 0
10 10
0 10
1
3.467762470280059 -0.32830283958939654 -0.8444446813985448 0.4232380247275177
84.48292554519392 6.19932759969656 8.635531349084307

0 0
10 0
10 10
0 10
1
3.467762470280059 -0.32830283958939654 -0.8444446813985448 0.4232380247275177
85.83385190629622 7.081928987547851 7.45400151152544

0 0
10 0
10 10
0 10
1
3.467762470280059 -0.32830283958939654 -0.8444446813985448 0.4232380247275177
87.18477826739851 7.964530375399142 6.272471673966573

0 0
10 0
10 10
0 10
1
3.467762470280059 -0.32830283958939654 -0.8444446813985448 0.4232380247275177
88.53570462850081 8.847131763250433 5.090941836407706

0 0
10 0
10 10
0 10
1
3.467762470280059 -0.32830283958939654 -0.8444446813985448 0.4232380247275177
89.8866309896031 9.729733151101723 3.9094119988488387

0 0
10 0
10 10
0 10
1
3.467762470280059 -0.32830283958939654 -0.8444446813985448 0.4232380247275177
91.2375573507054 10.612334538953013 2.7278821612899717

0 0
10 0
10 10
0 10
1
3.467762470280059 -0.32830283958939654 -0.8444446813985448 0.4232380247275177
92.5884837118077 11.494935926804303 1.546352323731105

0 0
10 0
10 10
0 10
1
3.467762470280059 -0.32830283958939654 -0.8444446813985448 0.4232380247275177
93.93941007291 12.377537314655592 0.3648224861722382

0 0
10 0
10 10
0 10
1
3.467762470280059 -0.32830283958939654 -0.8444446813985448 0.4232380247275177
95.29033643401229 13.260138702506882 -0.8167073513866285

0 0
10 0
10 10
0 10
1
3.467762470280059 -0.32830283958939654 -0.8444446813985448 0.4232380247275177
96.64126279511459 14.142740090358172 -1.9982371889454953

0 0
10 0
10 10
0 10
1
3.467762470280059 -0.32830283958939654 -0.8444446813985448 0.4232380247275177
97.99218915621688 15.025341478209462 -3.1797670265043623

