BSPLINE
67
8
5 0
0 0
0 5
0 0
-5 0
0 0
0 -5
0 0
0.2
5.265482457436692 -0.0 -0.9999999999999999 -0.0
0 -40 0

5 0
0 0
0 5
0 0
-5 0
0 0
0 -5
0 0
0.6
5.265482457436692 -0.0 -0.9999999999999999 -0.0
0.0 -38.0 0.0

5 0
0 0
0 5
0 0
-5 0
0 0
0 -5
0 0
0.9999999999999999
5.265482457436692 -0.0 -0.9999999999999999 -0.0
0.0 -36.0 0.0

5 0
0 0
0 5
0 0
-5 0
0 0
0 -5
0 0
1.5000000000000002
5.265482457436692 -0.0 -0.9999999999999999 -0.0
0.0 -34.0 0.0

5 0
0 0
0 5
0 0
-5 0
0 0
0 -5
0 0
2.0000000000000004
5.265482457436692 -0.0 -0.9999999999999999 -0.0
0.0 -32.0 0.0

5 0
0 0
0 5
0 0
-5 0
0 0
0 -5
0 0
2.500000000000001
5.265482457436692 -0.0 -0.9999999999999999 -0.0
0.0 -30.0 0.0

5 0
0 0
0 5
0 0
-5 0
0 0
0 -5
0 0
3.0000000000000013
5.265482457436692 -0.0 -0.9999999999999999 -0.0
0.0 -28.0 0.0

5 0
0 0
0 5
0 0
-5 0
0 0
0 -5
0 0
3.5000000000000018
5.265482457436692 -0.0 -0.9999999999999999 -0.0
0.0 -26.0 0.0

5 0
0 0
0 5
0 0
-5 0
0 0
0 -5
0 0
4.000000000000002
5.265482457436692 -0.0 -0.9999999999999999 -0.0
0.0 -24.0 0.0

5 0
0 0
0 5
0 0
-5 0
0 0
0 -5
0 0
4.5
5.265482457436692 -0.0 -0.9999999999999999 -0.0
0.0 -22.0 0.0

5 0
0 0
0 5
0 0
-5 0
0 0
0 -5
0 0
4.999999999999998
5.265482457436692 -0.0 -0.9999999999999999 -0.0
0.0 -20.0 0.0

5 0
0 0
0 5
0 0
-5 0
0 0
0 -5
0 0
5.4999999999999964
5.265482457436692 -0.0 -0.9999999999999999 -0.0
0.0 -18.0 0.0

5 0
0 0
0 5
0 0
-5 0
0 0
0 -5
0 0
5.999999999999995
5.265482457436692 -0.0 -0.9999999999999999 -0.0
0.0 -16.0 0.0

5 0
0 0
0 5
0 0
-5 0
0 0
0 -5
0 0
6.499999999999993
5.265482457436692 -0.0 -0.9999999999999999 -0.0
0.0 -14.0 0.0

5 0
0 0
0 5
0 0
-5 0
0 0
0 -5
0 0
6.999999999999991
5.265482457436692 -0.0 -0.9999999999999999 -0.0
0.0 -12.0 0.0

5 0
0 0
0 5
0 0
-5 0
0 0
0 -5
0 0
7.499999999999989
5.265482457436692 -0.0 -0.9999999999999999 -0.0
0.0 -10.0 0.0

5 0
0 0
0 5
0 0
-5 0
0 0
0 -5
0 0
7.999999999999988
5.265482457436692 -0.0 -0.9999999999999999 -0.0
0.0 -8.0 0.0

5 0
0 0
0 5
0 0
-5 0
0 0
0 -5
0 0
8.499999999999986
5.265482457436692 -0.0 -0.9999999999999999 -0.0
0.0 -6.0 0.0

5 0
0 0
0 5
0 0
-5 0
0 0
0 -5
0 0
8.999999999999984
5.265482457436692 -0.0 -0.9999999999999999 -0.0
0.0 -4.0 0.0

5 0
0 0
0 5
0 0
-5 0
0 0
0 -5
0 0
9.499999999999982
5.265482457436692 -0.0 -0.9999999999999999 -0.0
0.0 -2.0 0.0

5 0
0 0
0 5
0 0
-5 0
0 0
0 -5
0 0
9.99999999999998
5.265482457436692 -0.0 -0.9999999999999999 -0.0
0.0 0.0 0.0

5 0
0 0
0 5
0 0
-5 0
0 0
0 -5
0 0
5.099999999999998
5.265482457436692 -0.0 -0.9999999999999999 -0.0
0.0 -19.0 0.0

5 0
4 4
0 5
-4 4
-5 0
-4 -4
0 -5
4 -4
0.7999999999999993
5.265482457436692 -0.0 -0.9999999999999999 -0.0
0.0 -17.0 0.0

5 0
4 4
0 5
-4 4
-5 0
-4 -4
0 -5
4 -4
0.7999999999999993
5.265482457436692 -0.0 -0.9999999999999999 -0.0
0.0 -15.0 0.0

5 0
4 4
0 5
-4 4
-5 0
-4 -4
0 -5
4 -4
0.6999999999999993
5.265482457436692 -0.0 -0.9999999999999999 -0.0
0.0 -13.0 0.0

5 0
4 4
0 5
-4 4
-5 0
-4 -4
0 -5
4 -4
0.6999999999999993
5.265482457436692 -0.0 -0.9999999999999999 -0.0
0.0 -11.0 0.0

5 0
4 4
0 5
-4 4
-5 0
-4 -4
0 -5
4 -4
0.6999999999999993
5.265482457436692 -0.0 -0.9999999999999999 -0.0
0.0 -9.0 0.0

5 0
4 4
0 5
-4 4
-5 0
-4 -4
0 -5
4 -4
0.6999999999999993
5.265482457436692 -0.0 -0.9999999999999999 -0.0
0.0 -7.0 0.0

5 0
4 4
0 5
-4 4
-5 0
-4 -4
0 -5
4 -4
0.6999999999999993
5.265482457436692 -0.0 -0.9999999999999999 -0.0
0.0 -5.0 0.0

5 0
4 4
0 5
-4 4
-5 0
-4 -4
0 -5
4 -4
0.6999999999999993
5.265482457436692 -0.0 -0.9999999999999999 -0.0
0.0 -3.0 0.0

5 0
4 4
0 5
-4 4
-5 0
-4 -4
0 -5
4 -4
0.6999999999999993
5.265482457436692 -0.0 -0.9999999999999999 -0.0
0.0 -1.0 0.0

5 0
4 4
0 5
-4 4
-5 0
-4 -4
0 -5
4 -4
0.5999999999999993
5.265482457436692 -0.0 -0.9999999999999999 -0.0
0.0 1.0 0.0

5 0
4 4
0 5
-4 4
-5 0
-4 -4
0 -5
4 -4
0.5999999999999993
5.265482457436692 -0.0 -0.9999999999999999 -0.0
0.0 3.0 0.0

5 0
4 4
0 5
-4 4
-5 0
-4 -4
0 -5
4 -4
0.5999999999999993
5.265482457436692 -0.0 -0.9999999999999999 -0.0
0.0 5.0 0.0

5 0
4 4
0 5
-4 4
-5 0
-4 -4
0 -5
4 -4
0.5999999999999993
5.265482457436692 -0.0 -0.9999999999999999 -0.0
0.0 7.0 0.0

5 0
4 4
0 5
-4 4
-5 0
-4 -4
0 -5
4 -4
0.5999999999999993
5.265482457436692 -0.0 -0.9999999999999999 -0.0
0.0 9.0 0.0

5 0
4 4
0 5
-4 4
-5 0
-4 -4
0 -5
4 -4
0.5999999999999993
5.265482457436692 -0.0 -0.9999999999999999 -0.0
0.0 11.0 0.0

5 0
4 4
0 5
-4 4
-5 0
-4 -4
0 -5
4 -4
0.5999999999999993
5.265482457436692 -0.0 -0.9999999999999999 -0.0
0.0 13.0 0.0

5 0
4 4
0 5
-4 4
-5 0
-4 -4
0 -5
4 -4
0.5999999999999993
5.265482457436692 -0.0 -0.9999999999999999 -0.0
0.0 15.0 0.0

5 0
4 4
0 5
-4 4
-5 0
-4 -4
0 -5
4 -4
0.5999999999999993
5.265482457436692 -0.0 -0.9999999999999999 -0.0
0.0 17.0 0.0

5 0
4 4
0 5
-4 4
-5 0
-4 -4
0 -5
4 -4
0.5999999999999993
5.265482457436692 -0.0 -0.9999999999999999 -0.0
0.0 19.0 0.0

5 0
4 4
0 5
-4 4
-5 0
-4 -4
0 -5
4 -4
0.5999999999999993
5.265482457436692 -0.0 -0.9999999999999999 -0.0
0.0 21.0 0.0

5 0
4 4
0 5
-4 4
-5 0
-4 -4
0 -5
4 -4
0.5999999999999993
5.265482457436692 -0.0 -0.9999999999999999 -0.0
0.0 23.0 0.0

5 0
4 4
0 5
-4 4
-5 0
-4 -4
0 -5
4 -4
0.5999999999999993
5.265482457436692 -0.0 -0.9999999999999999 -0.0
0.0 25.0 0.0

5 0
4 4
0 5
-4 4
-5 0
-4 -4
0 -5
4 -4
0.5999999999999993
5.265482457436692 -0.0 -0.9999999999999999 -0.0
0.0 27.0 0.0

5 0
4 4
0 5
-4 4
-5 0
-4 -4
0 -5
4 -4
0.5999999999999993
5.265482457436692 -0.0 -0.9999999999999999 -0.0
0.0 29.0 0.0

5 0
4 4
0 5
-4 4
-5 0
-4 -4
0 -5
4 -4
0.5999999999999993
5.265482457436692 -0.0 -0.9999999999999999 -0.0
0.0 31.0 0.0

5 0
4 4
0 5
-4 4
-5 0
-4 -4
0 -5
4 -4
0.5999999999999993
5.265482457436692 -0.0 -0.9999999999999999 -0.0
0.0 33.0 0.0

5 0
4 4
0 5
-4 4
-5 0
-4 -4
0 -5
4 -4
0.5999999999999993
5.261010870557771 0.08923479086676463 -0.9947658645500423 -0.04977978329575395
0.0 35.0 0.0

5 0
4 4
0 5
-4 4
-5 0
-4 -4
0 -5
4 -4
0.5999999999999993
5.225923439740563 0.2587579920817952 -0.9550956938338044 -0.14434859595411068
-0.16989721218213844 36.99000833055605 -0.10488937796676161

5 0
4 4
0 5
-4 4
-5 0
-4 -4
0 -5
4 -4
0.5999999999999993
5.11531561007388 0.4681189912302503 -0.8441978391189026 -0.2611409934815895
-0.6728155830205085 38.900681308807265 -0.4153759033650846

5 0
4 4
0 5
-4 4
-5 0
-4 -4
0 -5
4 -4
0.5999999999999993
5.010810674671431 0.572398540439329 -0.7552474998055475 -0.3193135213867368
-1.6337281244475048 40.551352538626624 -1.0086141175547696

5 0
4 4
0 5
-4 4
-5 0
-4 -4
0 -5
4 -4
0.5999999999999993
4.888018988066213 0.6517837123887683 -0.6655629150463355 -0.3635986776375046
-2.854529776632349 41.94476595732095 -1.7622999742784695

5 0
4 4
0 5
-4 4
-5 0
-4 -4
0 -5
4 -4
0.5999999999999993
4.751416006467632 0.711371535483802 -0.5800591980384686 -0.39683984839527997
-4.28655103016482 43.02537056905723 -2.6463863968218666

5 0
4 4
0 5
-4 4
-5 0
-4 -4
0 -5
4 -4
0.5999999999999993
4.604467914988299 0.7559621288210328 -0.5006774380709687 -0.42171478844720045
-5.8727017166709645 43.750086078010575 -3.6256276494141932

5 0
4 4
0 5
-4 4
-5 0
-4 -4
0 -5
4 -4
0.5999999999999993
4.449772362423902 0.7894012168627815 -0.42769264889921954 -0.44036884187364117
-7.549747013667719 44.09002036381106 -4.660984473489061

5 0
4 4
0 5
-4 4
-5 0
-4 -4
0 -5
4 -4
0.5999999999999993
4.289258145035708 0.8145527740335223 -0.36058938906264937 -0.4543996817887551
-9.250828417386291 44.031621319208476 -5.7111804597279985

5 0
4 4
0 5
-4 4
-5 0
-4 -4
0 -5
4 -4
0.5999999999999993
4.1243650203474065 0.8334779260190206 -0.2985455275331936 -0.4649571107413699
-10.908129180333209 43.577217129822294 -6.734347608244737

5 0
4 4
0 5
-4 4
-5 0
-4 -4
0 -5
4 -4
0.5999999999999993
3.956183822625326 0.8476359836252323 -0.24066821916783637 -0.4728552078028436
-12.455577951004765 42.744923456728 -7.689695473618562

5 0
4 4
0 5
-4 4
-5 0
-4 -4
0 -5
4 -4
0.5999999999999993
3.7855595678223364 0.8580495491867667 -0.18609495231408774 -0.4786644334642038
-13.831482830171263 41.5679212222173 -8.539137351231542

5 0
4 4
0 5
-4 4
-5 0
-4 -4
0 -5
4 -4
0.5999999999999993
3.6131660080178594 0.8654254039284195 -0.13402702278314865 -0.48277906686104394
-14.98099083221926 40.093133791134804 -9.248808673992102

5 0
4 4
0 5
-4 4
-5 0
-4 -4
0 -5
4 -4
0.5999999999999993
3.439559906223113 0.870237923989362 -0.08373119630724915 -0.48546373954770816
-15.858274700589371 38.3793562843969 -9.790417085759138

5 0
4 4
0 5
-4 4
-5 0
-4 -4
0 -5
4 -4
0.5999999999999993
3.265221623114372 0.8727839364174402 -0.03452730567794753 -0.4868840370091239
-16.428359895879012 36.49491160305958 -10.14237036829968

5 0
4 4
0 5
-4 4
-5 0
-4 -4
0 -5
4 -4
0.5999999999999993
3.090586968167448 0.8732162179856322 0.014229890315065795 -0.48712518603382976
-16.66851892035985 34.514926609858676 -10.290637254891642

5 0
4 4
0 5
-4 4
-5 0
-4 -4
0 -5
4 -4
0.5999999999999993
3.090586968167448 0.8732162179856322 0.014229890315065795 -0.48712518603382976
-16.569177391591467 32.51833705826917 -10.22930681264982

5 0
4 4
0 5
-4 4
-5 0
-4 -4
0 -5
4 -4
0.5999999999999993
3.090586968167448 0.8732162179856322 0.014229890315065795 -0.48712518603382976
-16.469835862823082 30.521747506679656 -10.167976370407999

5 0
4 4
0 5
-4 4
-5 0
-4 -4
0 -5
4 -4
0.5999999999999993
3.090586968167448 0.8732162179856322 0.014229890315065795 -0.48712518603382976
-16.370494334054698 28.525157955090144 -10.106645928166177

