BSPLINE
63
8

5 0
4 4
0 5
-4 4
-5 0
-4 -4
0 -5
4 -4
0
5.265482457436692 -0.0 -0.9999999999999999 -0.0
0 -40 0

5 0
4 4
0 5
-4 4
-5 0
-4 -4
0 -5
4 -4
0.2
5.265482457436692 -0.0 -0.9999999999999999 -0.0
0 -40 0

5 0
4 4
0 5
-4 4
-5 0
-4 -4
0 -5
4 -4
0.4
5.265482457436692 -0.0 -0.9999999999999999 -0.0
0.0 -38.0 0.0

5 0
4 4
0 5
-4 4
-5 0
-4 -4
0 -5
4 -4
0.6
5.265482457436692 -0.0 -0.9999999999999999 -0.0
0.0 -36.0 0.0

5 0
4 4
0 5
-4 4
-5 0
-4 -4
0 -5
4 -4
0.8999999999999999
5.265482457436692 -0.0 -0.9999999999999999 -0.0
0.0 -34.0 0.0

5 0
4 4
0 5
-4 4
-5 0
-4 -4
0 -5
4 -4
1.3
5.265482457436692 -0.0 -0.9999999999999999 -0.0
0.0 -32.0 0.0

5 0
4 4
0 5
-4 4
-5 0
-4 -4
0 -5
4 -4
1.8000000000000005
5.265482457436692 -0.0 -0.9999999999999999 -0.0
0.0 -30.0 0.0

5 0
4 4
0 5
-4 4
-5 0
-4 -4
0 -5
4 -4
2.400000000000001
5.265482457436692 -0.0 -0.9999999999999999 -0.0
0.0 -28.0 0.0

5 0
4 4
0 5
-4 4
-5 0
-4 -4
0 -5
4 -4
3.0000000000000013
5.265482457436692 -0.0 -0.9999999999999999 -0.0
0.0 -26.0 0.0

5 0
4 4
0 5
-4 4
-5 0
-4 -4
0 -5
4 -4
3.600000000000002
5.265482457436692 -0.0 -0.9999999999999999 -0.0
0.0 -24.0 0.0

5 0
4 4
0 5
-4 4
-5 0
-4 -4
0 -5
4 -4
4.200000000000001
5.265482457436692 -0.0 -0.9999999999999999 -0.0
0.0 -22.0 0.0

5 0
4 4
0 5
-4 4
-5 0
-4 -4
0 -5
4 -4
4.699999999999999
5.265482457436692 -0.0 -0.9999999999999999 -0.0
0.0 -20.0 0.0

5 0
4 4
0 5
-4 4
-5 0
-4 -4
0 -5
4 -4
5.1999999999999975
5.265482457436692 -0.0 -0.9999999999999999 -0.0
0.0 -18.0 0.0

5 0
4 4
0 5
-4 4
-5 0
-4 -4
0 -5
4 -4
5.699999999999996
5.265482457436692 -0.0 -0.9999999999999999 -0.0
0.0 -16.0 0.0

5 0
4 4
0 5
-4 4
-5 0
-4 -4
0 -5
4 -4
6.299999999999994
5.265482457436692 -0.0 -0.9999999999999999 -0.0
0.0 -14.0 0.0

5 0
4 4
0 5
-4 4
-5 0
-4 -4
0 -5
4 -4
6.799999999999992
5.265482457436692 -0.0 -0.9999999999999999 -0.0
0.0 -12.0 0.0

5 0
4 4
0 5
-4 4
-5 0
-4 -4
0 -5
4 -4
7.29999999999999
5.265482457436692 -0.0 -0.9999999999999999 -0.0
0.0 -10.0 0.0

5 0
4 4
0 5
-4 4
-5 0
-4 -4
0 -5
4 -4
7.499999999999989
5.265482457436692 -0.0 -0.9999999999999999 -0.0
0.0 -8.0 0.0

5 0
4 4
0 5
-4 4
-5 0
-4 -4
0 -5
4 -4
2.4000000000000004
5.265482457436692 -0.0 -0.9999999999999999 -0.0
0.0 -27.0 0.0

5 0
4 4
0 5
-4 4
-5 0
-4 -4
0 -5
4 -4
1.6999999999999997
5.265482457436692 -0.0 -0.9999999999999999 -0.0
0.0 -25.0 0.0

5 0
4 4
0 5
-4 4
-5 0
-4 -4
0 -5
4 -4
1.2999999999999994
5.265482457436692 -0.0 -0.9999999999999999 -0.0
0.0 -23.0 0.0

5 0
4 4
0 5
-4 4
-5 0
-4 -4
0 -5
4 -4
0.8999999999999992
5.265482457436692 -0.0 -0.9999999999999999 -0.0
0.0 -21.0 0.0

5 0
4 4
0 5
-4 4
-5 0
-4 -4
0 -5
4 -4
0.8999999999999992
5.265482457436692 -0.0 -0.9999999999999999 -0.0
0.0 -19.0 0.0

5 0
4 4
0 5
-4 4
-5 0
-4 -4
0 -5
4 -4
0.6999999999999993
5.265482457436692 -0.0 -0.9999999999999999 -0.0
0.0 -17.0 0.0

5 0
4 4
0 5
-4 4
-5 0
-4 -4
0 -5
4 -4
0.6999999999999993
5.265482457436692 -0.0 -0.9999999999999999 -0.0
0.0 -15.0 0.0

5 0
4 4
0 5
-4 4
-5 0
-4 -4
0 -5
4 -4
0.6999999999999993
5.265482457436692 -0.0 -0.9999999999999999 -0.0
0.0 -13.0 0.0

5 0
4 4
0 5
-4 4
-5 0
-4 -4
0 -5
4 -4
0.6999999999999993
5.265482457436692 -0.0 -0.9999999999999999 -0.0
0.0 -11.0 0.0

5 0
4 4
0 5
-4 4
-5 0
-4 -4
0 -5
4 -4
0.49999999999999933
5.265482457436692 -0.0 -0.9999999999999999 -0.0
0.0 -9.0 0.0

5 0
4 4
0 5
-4 4
-5 0
-4 -4
0 -5
4 -4
0.49999999999999933
5.265482457436692 -0.0 -0.9999999999999999 -0.0
0.0 -7.0 0.0

5 0
4 4
0 5
-4 4
-5 0
-4 -4
0 -5
4 -4
0.49999999999999933
5.265482457436692 -0.0 -0.9999999999999999 -0.0
0.0 -5.0 0.0

5 0
4 4
0 5
-4 4
-5 0
-4 -4
0 -5
4 -4
0.49999999999999933
5.265482457436692 -0.0 -0.9999999999999999 -0.0
0.0 -3.0 0.0

5 0
4 4
0 5
-4 4
-5 0
-4 -4
0 -5
4 -4
0.49999999999999933
5.265482457436692 -0.0 -0.9999999999999999 -0.0
0.0 -1.0 0.0

5 0
4 4
0 5
-4 4
-5 0
-4 -4
0 -5
4 -4
0.49999999999999933
5.265482457436692 -0.0 -0.9999999999999999 -0.0
0.0 1.0 0.0

5 0
4 4
0 5
-4 4
-5 0
-4 -4
0 -5
4 -4
0.49999999999999933
5.265482457436692 -0.0 -0.9999999999999999 -0.0
0.0 3.0 0.0

5 0
4 4
0 5
-4 4
-5 0
-4 -4
0 -5
4 -4
0.49999999999999933
5.265482457436692 -0.0 -0.9999999999999999 -0.0
0.0 5.0 0.0

5 0
4 4
0 5
-4 4
-5 0
-4 -4
0 -5
4 -4
0.49999999999999933
5.265482457436692 -0.0 -0.9999999999999999 -0.0
0.0 7.0 0.0

5 0
4 4
0 5
-4 4
-5 0
-4 -4
0 -5
4 -4
0.49999999999999933
5.265482457436692 -0.0 -0.9999999999999999 -0.0
0.0 9.0 0.0

5 0
4 4
0 5
-4 4
-5 0
-4 -4
0 -5
4 -4
0.49999999999999933
5.265482457436692 -0.0 -0.9999999999999999 -0.0
0.0 11.0 0.0

5 0
4 4
0 5
-4 4
-5 0
-4 -4
0 -5
4 -4
0.49999999999999933
5.265482457436692 -0.0 -0.9999999999999999 -0.0
0.0 13.0 0.0

5 0
4 4
0 5
-4 4
-5 0
-4 -4
0 -5
4 -4
0.49999999999999933
5.265482457436692 -0.0 -0.9999999999999999 -0.0
0.0 15.0 0.0

5 0
4 4
0 5
-4 4
-5 0
-4 -4
0 -5
4 -4
0.49999999999999933
5.265482457436692 -0.0 -0.9999999999999999 -0.0
0.0 17.0 0.0

5 0
4 4
0 5
-4 4
-5 0
-4 -4
0 -5
4 -4
0.49999999999999933
5.265482457436692 -0.0 -0.9999999999999999 -0.0
0.0 19.0 0.0

5 0
4 4
0 5
-4 4
-5 0
-4 -4
0 -5
4 -4
0.49999999999999933
5.265482457436692 -0.0 -0.9999999999999999 -0.0
0.0 21.0 0.0

5 0
4 4
0 5
-4 4
-5 0
-4 -4
0 -5
4 -4
0.49999999999999933
5.265482457436692 -0.0 -0.9999999999999999 -0.0
0.0 23.0 0.0

5 0
4 4
0 5
-4 4
-5 0
-4 -4
0 -5
4 -4
0.49999999999999933
5.265482457436692 -0.0 -0.9999999999999999 -0.0
0.0 25.0 0.0

5 0
4 4
0 5
-4 4
-5 0
-4 -4
0 -5
4 -4
0.49999999999999933
5.265482457436692 -0.0 -0.9999999999999999 -0.0
0.0 27.0 0.0

5 0
4 4
0 5
-4 4
-5 0
-4 -4
0 -5
4 -4
0.49999999999999933
5.265482457436692 -0.0 -0.9999999999999999 -0.0
0.0 29.0 0.0

5 0
4 4
0 5
-4 4
-5 0
-4 -4
0 -5
4 -4
0.49999999999999933
5.225923439740563 0.2587579920817952 -0.9550956938338044 -0.14434859595411068
0.0 31.0 0.0

5 0
4 4
0 5
-4 4
-5 0
-4 -4
0 -5
4 -4
0.49999999999999933
5.11531561007388 0.4681189912302503 -0.8441978391189026 -0.2611409934815895
-0.50291837083837 32.91067297825121 -0.310486525398323

5 0
4 4
0 5
-4 4
-5 0
-4 -4
0 -5
4 -4
0.49999999999999933
4.951396701031413 0.6148921964779711 -0.7101026481970396 -0.3430186813193272
-1.4638309122653665 34.56134420807057 -0.903724739588008

5 0
4 4
0 5
-4 4
-5 0
-4 -4
0 -5
4 -4
0.49999999999999933
4.751416006467632 0.711371535483802 -0.5800591980384686 -0.39683984839527997
-2.796902168794257 35.8045641446119 -1.7267224397079204

5 0
4 4
0 5
-4 4
-5 0
-4 -4
0 -5
4 -4
0.49999999999999933
4.679054724426474 0.7352767157128337 -0.5395593543433919 -0.41017539476557296
-4.383052855300401 36.52927965356525 -2.705963692300247

5 0
4 4
0 5
-4 4
-5 0
-4 -4
0 -5
4 -4
0.49999999999999933
4.527954635688868 0.7738753328372383 -0.46340633420926475 -0.4317077004650114
-6.0228429674307815 37.06427731081442 -3.718320296910174

5 0
4 4
0 5
-4 4
-5 0
-4 -4
0 -5
4 -4
0.49999999999999933
4.370142980877851 0.8028677706027112 -0.3934536687699139 -0.44788118230054075
-7.72038696704379 37.20575171414982 -4.7663323973072895

5 0
4 4
0 5
-4 4
-5 0
-4 -4
0 -5
4 -4
0.49999999999999933
4.207283960775292 0.8246904964394886 -0.32899081509612627 -0.460055027865993
-9.408009131784722 36.94806272555876 -5.808219058242187

5 0
4 4
0 5
-4 4
-5 0
-4 -4
0 -5
4 -4
0.49999999999999933
4.04062784707121 0.841080315679294 -0.2691412817576382 -0.4691981170365865
-11.018429291545056 36.301483591831754 -6.802443546406879

5 0
4 4
0 5
-4 4
-5 0
-4 -4
0 -5
4 -4
0.49999999999999933
3.7855595678223364 0.8580495491867667 -0.18609495231408774 -0.4786644334642038
-12.48744507652984 35.291791382632034 -7.709369268915039

5 0
4 4
0 5
-4 4
-5 0
-4 -4
0 -5
4 -4
0.49999999999999933
3.526483117375543 0.86812985040847 -0.10870115409955584 -0.4842877470339251
-13.636953078577838 33.81700395154954 -8.419040591675598

5 0
4 4
0 5
-4 4
-5 0
-4 -4
0 -5
4 -4
0.49999999999999933
3.352454336342262 0.8717815897504724 -0.05903367329803864 -0.48632487617752207
-14.364271171389703 32.00885966751541 -8.868064689005832

5 0
4 4
0 5
-4 4
-5 0
-4 -4
0 -5
4 -4
0.49999999999999933
3.177915089481486 0.8732598099689516 -0.010132381031536072 -0.48714950389754624
-14.771427366330897 30.06694333721622 -9.119430555897821

5 0
4 4
0 5
-4 4
-5 0
-4 -4
0 -5
4 -4
0.49999999999999933
3.177915089481486 0.8732598099689516 -0.010132381031536072 -0.48714950389754624
-14.84218963076479 28.068673036669654 -9.163117028469445

5 0
4 4
0 5
-4 4
-5 0
-4 -4
0 -5
4 -4
0.39999999999999936
3.177915089481486 0.8732598099689516 -0.010132381031536072 -0.48714950389754624
-14.912951895198681 26.07040273612309 -9.206803501041069

5 0
4 4
0 5
-4 4
-5 0
-4 -4
0 -5
4 -4
0.19999999999999937
3.177915089481486 0.8732598099689516 -0.010132381031536072 -0.48714950389754624
-14.983714159632573 24.072132435576524 -9.250489973612693

5 0
4 4
0 5
-4 4
-5 0
-4 -4
0 -5
4 -4
0
3.177915089481486 0.8732598099689516 -0.010132381031536072 -0.48714950389754624
-15.054476424066465 23.97386213502996 -9.294176446184316

